# Created by Octave 6.2.0, Mon Jul 05 09:58:43 2021 GMT <unknown@LAPTOP-GJ7GVF4S>
# name: Area
# type: scalar
79.404191999999867


# name: a
# type: scalar
-2


# name: b
# type: scalar
5


# name: base_incrementox
# type: scalar
0.014


# name: f
# type: scalar
24.999999999999961


# name: i
# type: scalar
499


# name: n
# type: scalar
500


# name: x
# type: scalar
4.9999999999999902


